frame,id,tlx,tly,width,height,score
0,-1,0.079286575,70.27921,53.310005,178.7208,0.9933482
1,-1,0.09309387,67.56993,54.290165,177.2189,0.9972038
2,-1,0.65026283,68.211,56.170586,174.64331,0.9983442
3,-1,1.9881268,69.53889,59.06376,174.63187,0.999311
4,-1,3.986452,67.510796,61.86737,177.8075,0.99937755
5,-1,7.008457,67.19692,63.866344,175.03381,0.9992705
6,-1,9.140068,66.769684,68.48958,180.71478,0.99908364
7,-1,12.112347,64.269966,72.10167,182.03552,0.99903464
8,-1,16.360611,65.52042,70.8652,176.19931,0.99958616
9,-1,22.336845,66.3861,68.5285,174.42401,0.9995946
10,-1,23.90223,64.14174,71.492874,178.2106,0.99938977
11,-1,24.846478,64.78775,73.93628,179.44012,0.99918514
12,-1,29.419796,66.58457,74.636826,178.10782,0.9994516
13,-1,30.937443,67.58474,75.05615,176.83997,0.99963975
14,-1,33.653717,67.2864,74.2545,180.4744,0.9996722
15,-1,34.65228,69.1284,72.5838,173.94617,0.9996847
16,-1,36.959812,68.14633,73.65706,175.3252,0.99975294
17,-1,40.096607,70.07443,71.180954,171.39215,0.99952304
18,-1,44.974834,64.96017,70.539444,180.79227,0.9989033
19,-1,45.35838,64.91272,71.42793,180.63815,0.9991498
20,-1,51.946125,65.01061,63.779858,176.71667,0.99883217
21,-1,50.418312,65.870964,67.84456,173.55112,0.9986712
22,-1,55.540146,64.871925,60.91928,175.68362,0.9995883
23,-1,57.85018,63.80413,60.10286,171.08759,0.99948907
24,-1,60.372105,64.951225,59.07609,172.71173,0.9993617
25,-1,63.223755,66.37426,56.842453,172.46182,0.99922204
26,-1,64.73804,65.958244,58.297333,172.45135,0.9992466
27,-1,65.98739,65.81506,58.138107,173.5744,0.9992663
28,-1,67.45649,67.809296,59.358658,170.47195,0.9993099
29,-1,69.75797,66.227516,60.907112,172.24356,0.9994759
30,-1,71.42702,68.525314,63.201828,168.73587,0.9995024
31,-1,73.01053,67.30638,64.2626,171.79477,0.99929523
32,-1,74.29891,70.35953,62.655495,167.63852,0.99960655
33,-1,75.49223,70.589096,63.18628,168.3779,0.999647
34,-1,76.30095,69.06174,65.42839,168.14062,0.9997408
35,-1,79.045715,69.2208,64.01495,169.98114,0.9994123
36,-1,79.93207,69.43976,66.54166,169.04276,0.9994785
37,-1,85.478226,66.72562,63.695786,172.52414,0.99935347
38,-1,93.645004,67.82211,60.233444,170.37451,0.99943274
39,-1,93.85971,67.72664,63.216553,171.61588,0.9991258
40,-1,98.01448,67.390755,61.855103,171.42517,0.9990928
41,-1,102.126816,67.48567,60.01352,169.75323,0.99929285
42,-1,104.08056,66.922386,62.824867,167.5745,0.99920756
43,-1,104.87543,64.58027,66.23865,174.25854,0.9989334
44,-1,108.35901,67.622604,64.276886,171.54297,0.99891365
45,-1,111.20761,66.81137,63.770294,172.42438,0.9988722
46,-1,113.396866,68.95473,63.51291,169.26431,0.9991505
47,-1,115.80474,68.667656,62.257256,170.69925,0.9991227
48,-1,116.865425,70.29972,61.990746,169.62589,0.9990765
49,-1,117.17476,70.71924,63.63852,167.31433,0.9986929
50,-1,118.43388,72.95315,62.708496,164.28928,0.99852693
51,-1,121.45317,70.52684,61.382843,167.88733,0.9986909
52,-1,123.41432,70.45914,59.79538,166.95197,0.9985489
53,-1,126.01904,70.48038,56.717743,166.49136,0.9991609
54,-1,129.62247,70.14984,53.349365,165.71075,0.9987972
55,-1,131.37158,69.73696,53.573273,166.03244,0.9988512
56,-1,132.0469,70.04443,55.21768,162.22412,0.99933225
57,-1,133.94426,69.44551,55.12503,159.66882,0.99940515
58,-1,134.83203,66.88856,54.83954,163.09927,0.9994055
59,-1,136.11086,67.386566,54.622375,161.59131,0.99915636
60,-1,138.61234,67.91166,53.299377,163.87527,0.9992275
60,-1,518.6929,118.014046,7.57312,23.50953,0.62593687
61,-1,138.72754,68.07475,55.56122,166.10092,0.99933004
62,-1,141.36554,69.99613,55.204742,161.8157,0.99928015
63,-1,144.07167,68.63802,51.59015,162.8483,0.99954224
64,-1,143.58484,69.71818,56.886932,161.47363,0.9993774
65,-1,146.7894,71.12483,53.661194,158.8063,0.9996445
66,-1,145.78883,73.192566,58.848267,158.16824,0.9994803
67,-1,146.3544,72.18399,58.97223,159.6629,0.9993986
68,-1,145.65271,72.93722,61.776123,159.64322,0.9991598
68,-1,375.63995,94.98039,17.553223,59.094254,0.67590845
69,-1,148.52092,72.31069,60.66977,159.47528,0.9990729
69,-1,375.19617,93.528275,18.412476,60.303955,0.6428591
69,-1,531.0043,122.93754,10.9313965,27.654137,0.81540716
70,-1,150.97362,72.22897,60.743378,158.67685,0.9991346
71,-1,156.87225,72.87845,57.75891,155.13632,0.9991479
72,-1,160.08542,71.01063,56.075287,158.51974,0.9992803
73,-1,164.1467,71.67538,55.33072,156.54556,0.9990901
74,-1,165.17886,71.21682,56.363373,157.81827,0.9987394
75,-1,167.0396,70.01206,58.208252,158.0271,0.9987576
76,-1,169.38309,68.166855,56.959503,158.82742,0.9982083
77,-1,173.98904,69.70681,53.742676,157.69934,0.9988638
78,-1,174.94972,71.04602,57.024048,154.68372,0.99874204
79,-1,175.42847,71.2525,57.497253,155.883,0.99917656
80,-1,176.99002,71.78034,56.36798,154.43533,0.999252
81,-1,178.36653,72.58831,56.755554,155.85434,0.9991285
82,-1,180.68709,72.82881,56.03424,157.41959,0.9992884
83,-1,182.20576,73.487724,57.010498,155.68225,0.9989341
84,-1,184.14192,74.057396,56.540405,156.9862,0.9990208
85,-1,182.93271,75.02312,58.395477,152.68625,0.9993243
86,-1,187.59337,74.88466,52.845703,152.46158,0.9995103
87,-1,190.31488,74.80966,50.52942,153.45767,0.99938107
88,-1,190.5489,74.061165,51.48581,149.73535,0.9993093
89,-1,191.47467,74.23356,51.797974,150.30695,0.99931145
90,-1,191.26012,74.10666,53.945404,151.03604,0.9994153
91,-1,194.61743,71.98134,51.42874,145.57907,0.99927276
92,-1,194.3784,71.354836,52.440155,151.66513,0.99933976
93,-1,197.97127,71.41233,48.524048,149.61963,0.9993476
94,-1,198.75058,72.07853,49.125122,152.45969,0.99934644
95,-1,200.16563,72.2577,49.078125,153.4798,0.999537
96,-1,201.37907,72.000496,47.902466,151.57535,0.9996045
97,-1,202.98325,72.45985,48.720886,154.20053,0.99919516
98,-1,204.74985,74.84093,49.859406,148.98355,0.9995553
99,-1,206.03044,76.93729,49.242355,146.44714,0.99947387
100,-1,207.01788,79.17528,49.80307,144.28049,0.9994074
101,-1,207.26501,76.96709,52.00534,148.87079,0.9996056
102,-1,209.24522,78.73357,51.78685,145.46323,0.9995592
103,-1,210.58504,75.56776,50.3257,149.15573,0.99960035
104,-1,212.3071,78.833206,49.25186,144.8988,0.9995795
105,-1,214.14056,75.597336,48.602783,146.87976,0.9994019
106,-1,216.19713,75.49303,48.789932,148.47876,0.9983456
107,-1,220.15944,73.2061,48.912003,149.6102,0.9993135
108,-1,220.85262,75.91577,51.748886,146.3917,0.9982497
109,-1,223.21658,73.37617,47.629578,149.31238,0.998828
110,-1,225.19092,73.36168,45.674194,148.70648,0.99863595
111,-1,225.4673,72.60363,47.965683,147.04382,0.99800843
112,-1,227.818,74.69515,49.083862,146.75876,0.9985013
112,-1,464.85605,106.650665,16.961304,32.691803,0.90192485
113,-1,225.95956,75.24688,53.640594,146.35452,0.99925286
114,-1,228.0914,75.63097,51.219788,145.35992,0.9989448
115,-1,228.66606,76.51427,51.9561,144.4939,0.99875104
115,-1,591.2024,93.597565,26.015137,56.60103,0.60323644
115,-1,473.95123,109.41896,15.911926,30.50505,0.869954
116,-1,229.81555,73.88278,51.90503,148.41693,0.99907315
116,-1,461.21945,100.957375,29.358276,38.97367,0.7468834
116,-1,475.68536,107.305565,18.310303,32.205757,0.8529726
117,-1,231.6715,76.182175,50.691025,145.0744,0.998719
117,-1,479.59335,109.42618,15.655151,30.256363,0.65049034
118,-1,232.2604,79.66131,50.88153,140.12177,0.99910706
118,-1,469.06006,101.5036,24.867981,38.547577,0.82940876
118,-1,480.7581,108.6359,16.433838,31.604332,0.72775626
119,-1,235.14844,79.73369,49.55127,139.73004,0.99860966
119,-1,471.86328,102.00619,26.73877,38.95472,0.94021744
119,-1,497.7466,104.55507,15.073639,34.55443,0.7741376
119,-1,485.71243,108.49817,14.656372,32.660004,0.7779761
120,-1,236.29388,80.31744,49.711365,139.30609,0.99894553
120,-1,473.527,101.72416,22.429016,38.755028,0.90500116
121,-1,236.95357,79.356224,49.97136,140.09143,0.99855167
121,-1,477.91852,102.11716,24.551758,38.5282,0.9658711
122,-1,237.2278,76.54209,50.824417,143.0994,0.9990759
122,-1,487.83377,103.34987,22.746765,38.79425,0.9148012
122,-1,479.53555,103.24437,20.220642,37.6631,0.87267184
123,-1,239.16058,77.5666,47.975586,140.73041,0.9980981
123,-1,600.26544,93.65588,21.9292,55.480896,0.76889443
123,-1,486.06976,102.08619,25.134277,39.395195,0.97356004
124,-1,240.01761,77.50209,46.976868,140.83063,0.9982394
124,-1,601.02985,93.559265,22.702393,56.387985,0.85541445
124,-1,493.78235,102.082214,24.026978,40.181137,0.85113496
125,-1,240.23929,75.0054,46.823975,141.92377,0.9986909
126,-1,241.03319,74.65526,45.9384,144.91571,0.99844426
127,-1,243.02818,74.70171,45.865707,143.58289,0.99851936
128,-1,244.88718,76.974525,46.57434,141.41779,0.99887615
129,-1,245.31454,77.22388,47.161926,142.25641,0.9993831
129,-1,607.20776,112.242004,18.17688,39.69803,0.67763335
130,-1,246.25208,76.34256,45.524353,143.89603,0.9994677
130,-1,602.78186,93.04308,20.630127,59.292015,0.64618254
131,-1,247.18277,80.43342,45.414734,139.03061,0.99946135
132,-1,248.43285,78.46822,45.284836,141.69843,0.9995073
132,-1,609.91144,111.95231,15.314575,40.99517,0.73904914
133,-1,249.52792,78.13004,45.921265,143.17307,0.99940455
133,-1,610.99426,109.97024,12.456299,42.869026,0.6090152
134,-1,250.39583,81.00886,45.76805,140.35434,0.99940085
135,-1,250.96858,84.76068,47.777725,136.38242,0.99930716
136,-1,251.49551,82.533554,49.329773,137.40414,0.99947995
137,-1,253.4859,80.667114,47.251343,138.93512,0.9993814
138,-1,254.3298,84.780136,47.131836,135.03876,0.9993259
139,-1,255.35983,81.43958,48.571533,138.97992,0.998887
139,-1,487.29468,105.16964,11.978821,29.223839,0.6666601
140,-1,258.54114,81.99606,45.647705,137.81973,0.99770397
140,-1,487.39468,104.87263,11.8220215,30.912514,0.9099067
141,-1,260.8155,80.14389,45.394836,139.06363,0.9991086
141,-1,486.743,104.952866,13.298828,28.916687,0.70984817
142,-1,261.3955,77.07849,45.717224,141.6131,0.998599
142,-1,484.15857,104.92003,15.334351,30.721191,0.73500633
143,-1,262.22067,78.94093,44.56189,139.4465,0.9988194
143,-1,557.89795,103.65521,19.555298,41.65117,0.6378026
143,-1,485.88766,105.298386,13.143921,30.2379,0.8074898
144,-1,263.9676,80.18255,44.36676,137.03189,0.99768126
144,-1,561.7523,108.66742,17.353271,37.43689,0.7766695
144,-1,485.4362,105.06333,12.407654,30.373772,0.9527398
145,-1,265.99078,78.3849,41.490906,139.0878,0.9981413
145,-1,486.32556,104.50139,11.311462,30.023727,0.9043987
146,-1,266.66705,77.7389,43.89984,141.25757,0.9981438
146,-1,485.4388,104.81211,12.390259,29.901756,0.9315767
147,-1,268.02618,79.82414,47.479797,137.02948,0.99845994
147,-1,483.4415,104.7096,14.113464,29.751335,0.84682196
148,-1,268.31628,79.43883,47.739502,136.47537,0.9982759
148,-1,566.87866,104.44605,24.466797,41.590874,0.8452845
148,-1,483.20572,105.03984,13.504822,29.736496,0.77141064
148,-1,601.2032,90.97573,12.314331,30.858887,0.7261338
148,-1,613.24414,94.53818,10.701416,29.559875,0.81178963
149,-1,269.84766,82.49181,46.65857,133.15582,0.9979786
149,-1,481.09576,104.89558,15.1026,29.476036,0.7364174
149,-1,601.20734,90.74196,12.544189,31.086288,0.613439
150,-1,270.83875,82.908844,46.086365,133.70737,0.9978029
150,-1,575.6256,100.64554,22.694702,44.805283,0.7328914
150,-1,481.39697,104.76272,14.641907,30.025917,0.8734644
150,-1,601.2135,92.48473,12.990967,29.708786,0.62542284
151,-1,272.45755,81.162636,44.674072,135.84839,0.9986241
151,-1,577.4141,100.54458,22.436401,45.071526,0.66836834
151,-1,481.82834,105.48283,14.036926,29.25933,0.75881124
152,-1,273.25082,81.58876,44.007446,135.0849,0.99789834
152,-1,586.5177,109.53872,16.574463,36.625893,0.7859083
152,-1,481.37784,105.20128,13.021362,29.972733,0.7855136
153,-1,273.94028,80.80419,44.493286,135.62772,0.9980959
153,-1,589.7375,110.09874,15.792358,36.098053,0.76248956
153,-1,480.2081,105.242874,12.95874,29.887375,0.80986744
154,-1,274.82764,80.92289,44.543518,136.08942,0.99732864
154,-1,592.22144,114.24706,14.757446,32.078865,0.8813761
154,-1,477.90717,104.77442,14.393372,29.181786,0.90080345
155,-1,274.95087,79.25044,43.951965,136.89047,0.9980192
155,-1,594.1716,116.417915,16.023071,29.688972,0.7184542
155,-1,477.49484,104.4391,14.30127,28.976257,0.84997725
156,-1,276.3957,79.262505,41.948975,137.18555,0.9982957
156,-1,477.64395,104.89969,13.221008,29.352234,0.9011706
157,-1,277.29425,80.88743,45.072998,132.32156,0.99720603
157,-1,597.70764,91.75464,20.643188,53.7052,0.8727159
157,-1,598.5986,91.28757,17.39392,30.720383,0.61422014
157,-1,477.48343,105.21142,13.09552,30.239372,0.84572923
158,-1,278.2286,79.43716,44.32599,129.37012,0.996851
158,-1,599.0179,91.268845,20.15503,56.050766,0.9778185
158,-1,479.099,105.57242,10.740784,28.173706,0.7587534
159,-1,280.8336,79.447525,42.640198,132.69122,0.99756515
159,-1,585.2458,105.26136,24.890137,40.378716,0.9172806
159,-1,601.3999,92.02221,17.376709,53.113472,0.812157
159,-1,478.15796,104.52658,11.497803,29.540619,0.8911899
159,-1,603.1569,91.862755,12.337769,27.366882,0.6171706
160,-1,280.8723,78.216934,43.22345,134.99109,0.99820423
160,-1,478.23035,104.379105,10.652039,29.063904,0.9022305
161,-1,283.5928,78.66892,44.47052,134.45032,0.9988367
161,-1,598.8113,94.282265,20.173584,51.17504,0.616014
161,-1,590.7587,104.24307,24.121338,41.503616,0.643573
161,-1,477.81815,104.645485,11.208557,29.281517,0.8840249
162,-1,283.36993,77.127594,46.700256,136.26154,0.99886584
162,-1,595.4059,92.42887,20.602905,53.255135,0.6918774
162,-1,476.64117,104.595764,11.579407,29.053085,0.855481
163,-1,285.23248,78.839165,46.487732,134.61423,0.9989065
163,-1,598.5247,100.20659,17.769653,45.773285,0.7527823
163,-1,475.79608,104.7209,12.108948,29.830963,0.84235716
164,-1,286.14792,80.27639,46.681946,133.8103,0.99921274
164,-1,475.18146,105.11623,12.364502,28.961044,0.86424285
165,-1,286.96375,78.9944,44.455383,135.14774,0.9991806
165,-1,603.21594,93.8409,14.371948,53.018417,0.6259065
165,-1,474.19937,106.33938,12.933472,27.55027,0.7412874
166,-1,288.29303,80.16266,44.079468,134.96591,0.99924076
166,-1,473.8286,106.3787,12.831848,27.10711,0.8019783
167,-1,289.57825,82.34983,44.371582,132.54495,0.99888307
167,-1,473.39365,106.0223,12.821228,27.50663,0.8113905
168,-1,291.24277,88.137924,45.843872,126.09198,0.99899846
168,-1,472.1256,105.25946,12.544983,27.681976,0.9439299
169,-1,291.26508,88.01534,43.32904,127.84171,0.9985266
169,-1,472.29947,105.23683,11.914734,28.246902,0.8470839
170,-1,291.18237,88.38038,46.114746,124.74038,0.9989203
170,-1,472.0181,105.1996,11.071167,28.52272,0.91712034
171,-1,292.8338,87.18304,45.19751,126.62464,0.99883276
171,-1,471.42563,104.79368,10.511658,28.823982,0.7639023
172,-1,295.12308,88.686874,42.142395,126.1037,0.9979686
172,-1,376.13153,94.12434,16.827087,58.794853,0.6755812
172,-1,469.98337,104.50328,10.983032,29.420105,0.7353929
173,-1,296.83447,85.74223,44.67395,126.81958,0.99878925
173,-1,469.7942,104.73492,11.196838,29.489647,0.8378035
174,-1,298.79422,84.10647,43.954773,127.49763,0.99826235
174,-1,469.39255,104.81383,11.039429,29.827774,0.8374456
175,-1,299.61545,81.926346,44.18628,129.74323,0.99834454
175,-1,468.25885,104.48691,10.970886,29.057663,0.870512
176,-1,300.902,82.47211,43.953857,128.5813,0.9977533
176,-1,467.81073,104.532936,10.895081,29.082115,0.86778915
177,-1,300.78198,80.64805,46.033813,129.96594,0.99823475
177,-1,469.09073,105.856834,9.357422,27.895973,0.8204243
178,-1,303.2703,81.613495,43.217163,129.68259,0.9985588
178,-1,469.28827,107.89128,8.679199,26.517715,0.73859775
179,-1,304.28674,81.22431,43.63495,130.50632,0.998467
180,-1,303.17426,82.47751,46.186096,129.29034,0.99773586
181,-1,303.723,83.71239,46.711792,128.29745,0.9975712
182,-1,306.93216,81.81989,43.444275,128.93094,0.99819165
182,-1,375.59344,95.30474,18.409607,57.243736,0.6571761
183,-1,306.71655,85.36382,43.60724,124.9054,0.99757415
184,-1,308.85477,84.61847,41.651794,126.00275,0.9972445
185,-1,310.1992,84.77434,41.08423,125.222015,0.99674916
186,-1,312.09393,86.273544,38.77173,124.0524,0.99693954
187,-1,313.3037,91.09995,37.8136,117.98397,0.99547845
188,-1,312.286,87.313614,40.165344,122.73282,0.9967225
189,-1,312.72092,87.72955,41.286682,123.0423,0.9935096
190,-1,312.84653,85.63487,43.329468,123.27841,0.9952069
191,-1,315.34525,87.45588,40.90216,117.45336,0.9958495
192,-1,314.22284,87.97539,43.1084,117.35544,0.99752563
192,-1,359.74048,94.61748,18.84076,63.597305,0.761371
193,-1,315.60666,84.49344,42.10797,122.29556,0.99782205
193,-1,359.36627,93.647354,19.65149,69.509796,0.8501342
194,-1,315.9321,82.50528,43.08136,125.97098,0.99811757
194,-1,359.38864,95.12628,19.297485,70.21124,0.89609283
195,-1,316.63745,85.43759,42.795837,123.43024,0.9972784
195,-1,358.93985,93.95308,20.031738,70.92026,0.84113103
196,-1,317.96405,83.42945,40.9115,127.95388,0.99784577
196,-1,359.60468,93.99335,19.208862,71.04016,0.86468756
197,-1,319.26846,82.04283,40.888367,127.00757,0.998114
197,-1,360.05774,93.61378,18.314941,72.700096,0.85463995
197,-1,375.28503,94.43162,18.39148,58.7806,0.6886248
198,-1,319.77396,80.40389,41.011658,131.56079,0.9979626
198,-1,360.30435,94.25448,18.129333,72.3516,0.85037106
198,-1,375.42978,94.25965,18.0531,59.73536,0.6947781
199,-1,320.73917,85.92845,42.131653,123.80612,0.99798286
199,-1,375.26306,94.35458,18.184753,58.20665,0.65027344
200,-1,321.54904,87.13762,41.691406,122.430756,0.99749595
201,-1,322.6354,86.177444,42.181763,124.35785,0.99714726
202,-1,323.59335,88.99971,41.801147,122.72699,0.9965701
202,-1,375.46164,95.373764,19.25769,58.16504,0.6538984
203,-1,324.62424,96.448654,41.302246,113.783264,0.9957419
204,-1,326.7933,95.67672,40.69171,113.59403,0.9973936
205,-1,327.8499,96.65878,39.366028,111.47223,0.9958792
205,-1,359.04916,93.62244,17.59314,75.753235,0.67197824
206,-1,328.92062,89.46517,40.23224,119.75895,0.99711955
206,-1,359.09897,92.991974,18.153687,75.71405,0.7575903
207,-1,330.0953,85.75245,38.48694,122.539116,0.99845946
207,-1,359.98096,93.43339,19.24768,75.384636,0.81456375
208,-1,331.56335,84.80019,35.6026,122.97889,0.998218
208,-1,358.1395,93.78577,21.542542,75.98511,0.8953567
209,-1,332.56647,88.43898,39.652283,118.230804,0.9965744
209,-1,360.23798,92.00987,20.423706,76.91562,0.89282304
209,-1,375.36755,94.846756,17.646057,58.316544,0.62509847
210,-1,331.98212,83.151825,37.380188,123.21097,0.99592423
210,-1,359.7473,91.930855,18.443848,76.48464,0.94012505
210,-1,375.14505,95.36967,17.152893,60.75628,0.8787327
211,-1,333.61255,83.86623,38.921204,119.51999,0.9969195
211,-1,360.42126,91.96866,18.51941,76.17078,0.89598364
211,-1,375.12897,95.79069,17.470032,58.604057,0.768962
212,-1,334.24594,84.65863,41.31964,119.13394,0.9965042
212,-1,360.32504,92.08148,18.90503,77.12384,0.7378334
212,-1,375.45813,95.13766,18.297913,59.088234,0.68953735
213,-1,333.7591,85.337814,41.13806,118.19507,0.9970074
213,-1,360.05972,91.66295,19.062317,75.16614,0.8715896
213,-1,375.46796,94.22262,18.48285,61.516365,0.7836653
214,-1,334.78772,85.533325,40.936157,119.865875,0.99592066
214,-1,360.09708,91.44843,17.464905,77.42672,0.69202644
214,-1,375.6518,95.12936,18.467468,60.125984,0.8604301
215,-1,335.30328,82.772064,40.937073,121.956085,0.99497557
215,-1,375.0073,95.15961,19.824524,59.44037,0.7855152
216,-1,334.81125,84.35997,41.85608,120.58276,0.99682057
216,-1,375.08444,94.23892,18.696167,60.594498,0.8394007
217,-1,335.14505,85.26596,41.03833,119.99362,0.9969041
217,-1,361.86768,92.41181,18.516602,68.91186,0.75252265
217,-1,375.56384,93.88109,18.510925,60.838867,0.8354626
218,-1,337.1323,88.59899,40.608337,116.865,0.9974125
218,-1,375.31717,94.51993,18.015625,60.231995,0.7480785
219,-1,337.758,88.54802,40.04297,116.519226,0.9964025
219,-1,375.10577,94.50217,17.762207,59.32779,0.67223287
220,-1,340.1401,89.49491,37.19281,115.79513,0.9966845
220,-1,375.1507,94.76324,17.612793,60.07157,0.65525347
221,-1,337.5851,86.95729,39.971497,116.72574,0.9947785
222,-1,337.8484,88.36416,39.204712,114.65565,0.99191564
223,-1,340.21735,88.17549,36.37451,115.24368,0.9959124
224,-1,338.65656,84.719406,39.677307,118.547,0.9944031
224,-1,374.81995,94.33132,17.895203,60.394722,0.717582
225,-1,340.2019,84.808174,40.326233,117.06591,0.994869
226,-1,340.83316,85.234055,40.11493,117.08844,0.99728024
227,-1,342.59998,87.65648,38.648193,114.27399,0.9978017
228,-1,341.40915,84.9962,38.399597,116.592834,0.9974433
229,-1,342.59763,85.01224,40.174255,118.19458,0.9980124
230,-1,342.72668,85.84178,41.8963,118.073944,0.9975406
231,-1,343.35864,86.88278,40.66162,118.71396,0.9982128
232,-1,343.82956,89.616714,40.04724,116.76642,0.99632394
233,-1,344.35382,82.68364,39.5578,122.87909,0.9983138
234,-1,344.45303,88.761765,39.233032,117.18289,0.9969227
235,-1,344.70062,85.3991,38.441345,120.876686,0.99775416
236,-1,345.77216,88.49123,38.161865,117.47928,0.99749243
237,-1,345.84888,85.23557,38.89331,120.73205,0.99779594
238,-1,346.77325,86.23375,39.429993,118.861084,0.9966773
239,-1,348.01834,86.40222,41.567017,117.427765,0.99770725
240,-1,347.60385,82.67169,38.776917,124.385254,0.9946808
240,-1,373.22104,91.02234,17.752258,78.526245,0.6982448
241,-1,348.80176,84.9832,39.80847,117.80371,0.99723274
241,-1,373.9268,91.63519,17.922607,78.625,0.86874753
242,-1,348.00888,84.77796,44.625183,116.57876,0.9972682
242,-1,375.3509,91.64852,18.29419,78.67405,0.75543606
243,-1,348.4766,84.546906,43.69629,116.782196,0.9972441
243,-1,376.11926,91.98314,16.992859,78.2146,0.7891505
244,-1,349.46457,85.851654,40.17749,114.568085,0.99602216
244,-1,376.15704,93.362015,17.046387,73.81656,0.90019107
245,-1,349.49707,83.82054,41.724,116.63272,0.99596703
245,-1,376.50204,91.84747,16.62085,74.604126,0.6751654
246,-1,349.88492,82.30783,41.17273,118.535736,0.9948264
247,-1,351.31378,84.32303,39.883423,115.75662,0.9963785
248,-1,351.75006,85.559616,40.107544,114.880066,0.99655044
249,-1,352.4596,86.361664,39.46106,114.67023,0.9971077
250,-1,351.4651,85.903336,42.951538,115.96747,0.9972486
251,-1,351.17822,86.33266,43.25464,114.815094,0.99766636
252,-1,350.21286,86.37881,44.55603,115.27451,0.99811673
253,-1,351.16208,86.26687,43.89032,116.51234,0.9975218
254,-1,351.56628,86.020325,43.20923,115.1734,0.99694854
255,-1,355.16794,87.06648,38.02881,114.935974,0.9941187
256,-1,354.4237,85.24775,39.162292,116.52636,0.9947161
257,-1,354.56216,87.51272,39.296265,113.855965,0.996046
258,-1,353.65393,86.04112,40.57489,115.40741,0.99196506
259,-1,354.4646,86.58809,40.59076,114.23639,0.9923138
260,-1,353.89746,86.97841,41.30133,113.30652,0.9957307
261,-1,353.84784,86.69641,41.928772,113.03848,0.9958164
262,-1,354.59576,86.33928,42.644287,113.022156,0.99807596
263,-1,355.77225,88.00529,40.002014,112.013176,0.9949522
264,-1,356.56842,87.10759,39.546448,112.97308,0.9954661
265,-1,357.02972,86.96469,39.276672,112.99048,0.9960245
266,-1,359.09137,87.30194,37.97284,113.04678,0.99662614
267,-1,360.87427,88.97206,35.93756,110.52606,0.99569124
268,-1,358.94952,94.29372,37.204407,104.89502,0.98958814
269,-1,360.00278,93.32587,35.848022,106.051605,0.9951953
270,-1,359.18884,89.82593,36.961548,110.37247,0.99578285
271,-1,359.44873,90.7751,36.688843,109.3801,0.99497885
272,-1,362.2296,92.51251,34.39502,106.73242,0.99389344
273,-1,361.85736,93.04416,35.46039,106.92325,0.98875356
274,-1,363.2967,94.88272,35.47888,103.88977,0.98175836
275,-1,365.87305,90.202194,33.40564,108.52591,0.9679985
276,-1,367.40335,89.748,33.56427,109.13193,0.9938211
277,-1,366.9364,87.68747,34.32495,111.01529,0.992125
278,-1,367.5503,89.92667,32.1297,108.06604,0.9919463
279,-1,368.49954,85.81592,32.727478,111.64227,0.9966425
280,-1,368.18433,85.39906,34.782715,110.64752,0.99656725
281,-1,368.80423,85.71185,33.154846,110.990845,0.99754447
282,-1,369.7336,84.97752,33.238342,112.825775,0.99718094
283,-1,370.7717,84.90279,33.697266,113.58972,0.9971692
284,-1,370.58392,85.76044,33.305664,112.01257,0.99716187
285,-1,371.6181,86.322235,31.592896,112.29712,0.9959882
286,-1,372.00006,87.78412,31.533386,110.3082,0.9973465
287,-1,372.2016,88.10173,31.76654,109.69104,0.99730587
288,-1,371.66995,87.31657,33.48761,111.29122,0.9963691
289,-1,372.82947,86.76726,33.180847,111.9892,0.9963981
290,-1,373.39432,87.58848,33.01776,111.90841,0.9968566
291,-1,375.0913,88.5542,32.895996,109.313324,0.9972139
292,-1,375.24347,89.652824,33.001648,97.92002,0.9922626
293,-1,375.0526,85.76489,36.06836,112.15033,0.99828786
294,-1,375.72327,85.82477,35.416748,111.26218,0.9979207
295,-1,375.50812,85.83417,36.365295,110.26352,0.9977883
296,-1,376.1136,85.47118,36.543762,111.153786,0.9986247
297,-1,376.97134,85.27366,36.05316,112.01736,0.998629
298,-1,377.80307,84.802704,35.425842,112.9754,0.9985353
299,-1,378.36523,85.58545,36.437683,112.329285,0.999049
300,-1,378.97736,87.37576,36.872192,110.26318,0.99875
301,-1,380.44913,87.56247,37.382446,110.21338,0.998626
302,-1,380.6673,88.09956,38.82129,109.982056,0.9983979
303,-1,381.8564,88.47798,37.055054,109.30072,0.9990471
303,-1,374.7834,95.651215,16.507324,67.00214,0.6137405
304,-1,382.65857,89.9285,36.390686,107.50427,0.99911493
304,-1,375.10052,94.35508,14.631897,66.283226,0.7458196
305,-1,383.48093,90.08438,36.83911,106.99118,0.9989963
305,-1,360.23944,95.53851,19.595093,64.32761,0.6951251
305,-1,375.0848,94.08551,15.333618,63.310898,0.8829772
306,-1,383.39432,89.75182,37.646484,107.2479,0.9987404
306,-1,359.41235,95.88396,21.664062,64.117035,0.66175044
306,-1,375.14508,96.14061,16.16858,60.16559,0.8624571
307,-1,385.08633,91.48936,36.47455,106.34188,0.99903226
307,-1,360.56143,95.96836,20.299683,62.081413,0.65997666
307,-1,374.55273,95.607315,17.321533,60.501297,0.85054994
308,-1,387.46423,90.199524,33.639893,105.77475,0.99857664
308,-1,361.0733,95.87532,18.64038,63.6911,0.6820934
308,-1,375.57047,95.04222,17.086243,58.828903,0.8228936
309,-1,388.50787,89.171585,34.281616,107.38263,0.997459
309,-1,361.96182,95.3455,16.630432,64.29153,0.65740895
309,-1,375.58124,94.31065,17.663025,59.357178,0.86071885
310,-1,389.27567,88.64299,34.87671,106.983826,0.9962134
310,-1,361.40662,95.36642,17.593933,64.37888,0.8052528
310,-1,375.54916,95.50508,15.914368,60.704025,0.8864799
311,-1,389.8508,87.957016,35.37549,108.77939,0.994772
311,-1,361.42017,95.31549,17.253296,65.58197,0.80418116
311,-1,375.88763,96.4856,16.030334,59.84394,0.8897695
312,-1,391.29785,89.15452,33.564636,106.77206,0.9973895
312,-1,362.15128,95.47773,16.29181,65.656944,0.8023679
312,-1,375.962,97.400665,15.865601,57.35797,0.8762352
313,-1,391.95718,87.46835,34.138367,109.09677,0.99679995
313,-1,361.78778,94.77015,16.60315,67.16985,0.74878925
313,-1,376.20926,96.61935,15.16687,59.799187,0.87643707
314,-1,391.84946,88.07527,35.79126,108.38275,0.9957235
314,-1,362.00558,95.57257,17.506409,63.285263,0.6716613
314,-1,375.30524,96.10964,16.171204,58.92472,0.9065785
315,-1,393.23093,92.037704,34.148132,102.207855,0.9967372
315,-1,375.37308,96.64348,16.750732,57.5916,0.7630841
316,-1,394.46063,95.98147,32.62976,98.06873,0.9935341
316,-1,375.44562,96.47244,15.918701,58.46768,0.83486223
317,-1,395.27063,95.50783,31.840393,98.20627,0.9903616
318,-1,396.28604,95.323166,32.342957,98.549225,0.9915571
318,-1,376.2204,95.096245,17.013367,57.723824,0.6386877
319,-1,396.51105,96.33574,32.764587,97.858154,0.99478817
319,-1,376.36356,94.710686,17.146912,58.9981,0.6617585
320,-1,397.66708,96.689896,35.00476,98.10684,0.9971034
320,-1,375.6505,96.581184,17.069946,57.566093,0.7070881
321,-1,398.05658,94.413574,34.84369,100.28516,0.9952833
321,-1,376.21677,97.27521,17.152588,56.59555,0.6627898
322,-1,398.96014,96.035995,33.848755,98.77493,0.99306136
323,-1,399.35876,96.18232,33.733276,97.03033,0.9925398
324,-1,399.23267,97.28841,32.129333,97.21982,0.9950138
324,-1,375.89285,97.632904,16.227844,56.06865,0.64130056
325,-1,399.49564,96.83531,33.561707,96.78357,0.9896459
325,-1,375.601,97.89301,16.982483,56.192528,0.71840584
326,-1,398.98196,99.46828,31.088379,67.26373,0.8286198
326,-1,375.562,96.98018,16.45575,56.324417,0.7189899
327,-1,400.5157,98.70355,34.14789,92.69617,0.9537225
327,-1,375.37482,96.282524,16.246521,56.447792,0.6854305
328,-1,400.21252,97.62748,33.88965,96.18603,0.9899038
328,-1,375.44284,96.32016,15.739624,56.415817,0.6354349
329,-1,401.41113,96.77072,32.536987,96.47427,0.98745
330,-1,401.70404,93.30728,34.424316,101.70004,0.9942515
331,-1,402.2954,100.89348,34.044495,93.934875,0.9898341
332,-1,403.23453,95.783066,34.50128,98.78421,0.9941315
333,-1,403.73077,94.908966,39.740356,100.0361,0.99390537
334,-1,404.26892,95.69386,41.040222,99.46692,0.9924544
335,-1,404.6019,96.4245,38.226807,98.54117,0.99425346
336,-1,405.35828,95.9805,36.325256,99.743195,0.98854744
337,-1,406.832,98.96,34.146057,95.50054,0.9939044
337,-1,614.928,101.5498,11.282715,37.367805,0.71613455
338,-1,407.06284,96.167786,34.307434,99.88992,0.9934917
338,-1,614.62494,101.67239,9.548828,37.45836,0.80678195
339,-1,407.18884,102.965614,35.01062,93.47192,0.9800016
339,-1,614.2349,101.84017,10.012939,36.663246,0.797345
340,-1,407.77338,96.4646,36.631775,99.73346,0.9819375
340,-1,361.30746,93.98408,19.79834,62.46154,0.6883321
340,-1,613.864,101.80954,10.858398,35.930542,0.8752918
341,-1,411.13852,97.806015,37.747498,97.521576,0.984551
341,-1,613.93274,101.37832,10.578247,36.463173,0.81850225
342,-1,412.7395,95.68109,38.51886,99.43143,0.94900465
342,-1,613.24347,101.6165,12.144531,36.673798,0.8892336
343,-1,413.21823,94.41283,37.52533,101.62482,0.98160326
343,-1,612.40106,101.42228,9.340698,38.49221,0.70971537
344,-1,414.5771,105.236465,33.487915,89.36789,0.9661899
345,-1,416.14218,103.93945,33.4635,91.72815,0.9573395
345,-1,610.5447,98.79238,11.080444,40.141563,0.8182211
346,-1,417.82574,94.267235,34.142212,101.69877,0.98962057
346,-1,610.89233,100.930984,10.475464,38.02678,0.8867049
347,-1,418.58386,91.496124,35.592163,103.15207,0.99472344
347,-1,609.82465,99.727104,11.2438965,39.033913,0.8333247
348,-1,419.66983,91.31351,36.176514,102.105865,0.9923807
348,-1,609.5582,98.31467,10.831421,40.717102,0.760437
349,-1,420.97687,93.136086,35.790527,101.14495,0.98984843
349,-1,608.2193,98.67992,12.613892,40.6839,0.95094603
350,-1,421.20667,93.08458,36.26941,100.802216,0.98902416
350,-1,603.2216,92.728455,17.220703,47.045822,0.95162946
350,-1,637.2528,73.17678,11.307129,39.219788,0.6798763
351,-1,421.08795,92.65845,37.15387,100.63327,0.9942859
351,-1,602.29333,92.70688,18.012085,46.733276,0.9678413
351,-1,637.1643,72.9901,11.151733,39.620438,0.67658335
352,-1,422.50946,92.746994,35.18036,101.3898,0.996576
352,-1,602.29425,92.57095,18.279785,47.413254,0.9753659
352,-1,637.6557,72.81891,10.265747,41.089294,0.67119515
353,-1,422.3058,95.32884,35.93109,99.676605,0.99796176
353,-1,601.68396,91.58565,18.184326,48.003067,0.9809444
353,-1,637.69525,72.77582,10.507935,41.342255,0.60772425
354,-1,423.5518,94.152725,35.28308,100.19055,0.9963458
354,-1,602.14856,91.65069,16.970215,47.489693,0.9776127
354,-1,637.06726,72.182175,11.627563,41.589172,0.6174177
355,-1,425.36362,95.129,33.944946,99.497406,0.9963792
355,-1,601.9102,92.14972,16.293945,46.710648,0.972933
356,-1,426.9099,97.36369,35.117126,96.687744,0.99430484
356,-1,375.63324,94.475494,17.69397,58.953735,0.6298754
356,-1,602.01746,92.65202,15.77356,46.25125,0.9701122
357,-1,427.02518,96.5614,35.871277,98.99344,0.99693346
357,-1,602.854,93.403564,13.949219,44.67398,0.9599673
358,-1,428.44485,96.54858,34.80847,97.67344,0.9933193
358,-1,602.0267,92.406044,13.506958,46.886467,0.89543164
359,-1,428.7309,96.083694,34.507935,98.27893,0.982809
359,-1,601.23376,92.12375,13.165527,46.483185,0.92707914
360,-1,429.54788,94.83708,31.78418,98.197876,0.9722353
360,-1,602.1198,93.91643,11.622681,43.995255,0.8930254
361,-1,431.86145,95.17378,30.980103,95.79352,0.91465753
361,-1,437.66483,94.53398,24.133972,50.14981,0.73408073
361,-1,601.7672,95.07834,11.294434,42.25093,0.873875
362,-1,432.24637,93.48535,32.05542,99.834564,0.937676
362,-1,601.08856,95.241196,11.844116,42.183136,0.84458745
363,-1,431.28973,94.52809,34.043518,98.35657,0.9780427
363,-1,600.26776,101.328094,11.623535,36.340515,0.90781987
364,-1,433.53714,91.96553,32.78961,100.94751,0.99418503
364,-1,599.28796,101.698044,12.287109,35.752777,0.7774054
365,-1,434.37888,92.66699,31.848694,100.30063,0.99639845
366,-1,434.57224,92.80057,31.486572,101.25287,0.99642074
366,-1,598.0548,102.143684,11.490356,34.23693,0.8278337
367,-1,435.67447,93.83894,31.629883,100.746826,0.9962836
367,-1,597.42194,101.95963,11.298706,35.141487,0.90736866
368,-1,434.76746,94.39215,33.93683,101.39795,0.9961534
368,-1,596.623,101.93546,11.257568,34.14257,0.9299145
369,-1,435.2371,94.81604,34.618896,100.39444,0.99758637
369,-1,595.6087,100.4693,13.208496,36.397522,0.8773989
370,-1,435.9037,95.047195,36.440125,99.22568,0.9985281
370,-1,595.86237,101.201195,12.645996,35.347572,0.9525401
371,-1,436.61182,97.686844,36.455444,96.88455,0.9961552
371,-1,595.76746,101.12094,12.641846,36.426178,0.82972866
372,-1,437.57697,96.45794,35.01349,98.5236,0.9977119
372,-1,594.9484,102.33678,12.503906,34.61345,0.73204625
373,-1,436.2027,96.19739,38.045288,99.287506,0.9980361
373,-1,593.99976,99.42197,12.064575,37.981308,0.6653399
374,-1,437.823,95.96796,37.09149,99.53308,0.99798006
374,-1,593.4699,101.315155,10.805786,34.21881,0.6267761
375,-1,438.67206,94.668304,36.907288,101.97128,0.9981263
375,-1,592.3326,102.27295,11.767334,34.858337,0.6988755
376,-1,438.32025,96.15677,38.911255,99.41644,0.9983575
377,-1,442.44998,94.863304,36.201843,99.37943,0.98988485
378,-1,445.64697,96.27403,35.336853,100.39334,0.9939727
379,-1,446.4619,95.49158,35.524475,100.331055,0.9958134
380,-1,448.6224,96.77211,34.01892,97.694824,0.9830321
381,-1,448.08414,96.06769,37.275146,98.259186,0.9962209
382,-1,451.0852,96.4787,35.265076,95.931335,0.95748967
382,-1,453.44638,96.18868,33.826538,51.594902,0.86483455
383,-1,454.20166,97.4918,34.38086,95.94952,0.8498761
383,-1,456.69357,95.68675,31.365295,53.35672,0.8524001
384,-1,456.5519,95.77358,35.11267,96.68571,0.98520005
384,-1,456.24194,97.984634,34.649353,48.842224,0.7241506
385,-1,455.84955,96.314285,37.10388,96.65253,0.9699795
385,-1,456.96002,97.45671,35.696533,49.547928,0.72525567
386,-1,453.9952,97.818405,39.39337,96.17334,0.92682236
386,-1,457.96027,98.08701,35.8761,51.060173,0.8205935
387,-1,458.26874,99.22624,37.617188,94.66437,0.9746413
387,-1,462.2641,101.97566,34.328857,45.862823,0.66231483
388,-1,459.9192,96.086365,37.876648,96.09067,0.9854565
388,-1,463.00378,96.921974,34.656128,50.826683,0.9055489
389,-1,459.80838,96.12821,38.49182,95.669304,0.98135895
389,-1,463.3777,98.231895,35.719543,49.446968,0.8990551
390,-1,458.44092,98.83429,42.083923,97.93472,0.96970505
390,-1,463.7709,98.22133,36.853638,51.26024,0.8451117
391,-1,459.4444,99.24076,40.804382,96.768974,0.9888038
391,-1,463.97934,99.92653,37.112305,49.23967,0.8291759
392,-1,460.57574,97.156944,41.00403,99.0492,0.9365503
392,-1,465.9009,98.13538,35.713318,51.640083,0.8971376
393,-1,465.63284,97.41568,37.483093,94.86661,0.962947
393,-1,469.62592,96.969284,32.328857,52.28961,0.81989276
394,-1,466.43634,98.23265,37.925476,98.128815,0.9921042
394,-1,467.7874,97.573235,34.036865,54.186485,0.7415235
395,-1,469.08115,96.92621,35.436646,97.53244,0.98460627
396,-1,471.07886,95.45392,34.598083,97.56653,0.96303886
397,-1,472.5895,96.24376,34.068787,94.836334,0.97318053
398,-1,473.4804,96.478,32.991028,95.605774,0.98219913
399,-1,476.61777,97.45516,31.538025,95.80448,0.9869371
400,-1,478.22043,94.84156,30.557251,97.28933,0.9921583
400,-1,629.3821,107.27674,19.61792,83.727776,0.7726506
401,-1,477.6754,97.28549,31.962708,97.095764,0.9852969
401,-1,624.8991,110.199486,24.100891,87.87351,0.7998309
401,-1,625.36694,108.30541,23.099243,43.81806,0.6360874
402,-1,478.56488,97.62808,34.24231,98.02338,0.98575145
402,-1,619.92053,105.90524,29.079468,93.336945,0.9237767
402,-1,626.89886,105.984436,20.440796,63.981018,0.7958978
403,-1,478.8164,95.82509,39.56555,99.60275,0.99721885
403,-1,621.03705,102.84616,27.962952,98.32239,0.9502396
404,-1,480.33365,96.201614,45.052277,100.08322,0.99879116
404,-1,622.0674,102.55875,26.932617,97.937225,0.93354046
405,-1,480.37164,101.18141,46.594055,93.17346,0.99899894
406,-1,480.7072,100.19428,49.230408,94.55355,0.998678
406,-1,619.28815,107.01095,27.768555,90.56046,0.89492154
407,-1,479.9621,103.06609,53.01935,92.4466,0.9977258
408,-1,480.41284,105.827774,50.36212,88.5733,0.99884427
408,-1,614.5655,102.38953,30.084473,96.20456,0.90986466
409,-1,482.54437,101.857315,50.60443,93.778534,0.9986111
409,-1,613.20374,105.11983,31.75232,94.633484,0.8542852
410,-1,483.03415,98.05611,50.996796,97.68378,0.99813926
410,-1,604.6591,103.14945,32.955444,100.08083,0.92717165
411,-1,485.87326,100.59572,47.64676,95.707,0.9959572
411,-1,602.05304,102.175255,34.066284,98.74293,0.9955389
412,-1,491.25,101.02679,43.41211,95.171486,0.9939814
412,-1,599.4388,101.71928,35.697388,100.598656,0.9933414
413,-1,494.39014,100.67207,42.32617,96.57907,0.9840835
413,-1,592.3069,115.802444,43.02539,85.61252,0.99396837
414,-1,586.91705,110.41399,47.523193,91.3056,0.99031
414,-1,497.64993,99.59478,41.532806,97.44697,0.988815
415,-1,586.5025,109.532364,47.302734,91.935425,0.9837404
415,-1,501.5758,99.277985,40.421753,98.28772,0.9939073
416,-1,584.7295,106.16915,41.411377,97.13474,0.9907217
416,-1,505.22882,101.76759,37.00354,93.1622,0.8785701
416,-1,519.3338,98.71098,22.23938,66.65173,0.62607825
417,-1,580.14105,108.409706,44.182617,93.74889,0.99405
417,-1,510.86707,97.162025,35.02356,99.775566,0.9837674
418,-1,578.43536,107.84898,37.964966,93.90991,0.99263763
418,-1,514.24817,101.534355,32.809692,94.524666,0.98614395
419,-1,577.2797,106.30618,36.510254,94.435486,0.993238
419,-1,514.9146,99.695724,33.922363,97.21533,0.9796
420,-1,516.42444,63.0952,36.746582,133.76868,0.9665223
420,-1,577.59735,106.79993,33.004883,93.9657,0.99654084
420,-1,374.17184,94.4505,19.559937,59.220474,0.6291766
421,-1,518.75287,99.35016,41.585938,96.40863,0.97429013
421,-1,574.4991,104.872665,31.463623,95.479645,0.99545175
422,-1,519.93787,109.203865,42.952393,86.9042,0.99086285
422,-1,572.1549,104.06074,30.75293,97.36358,0.99502605
423,-1,519.9458,110.6595,46.594116,86.6467,0.9880606
423,-1,566.1863,104.76116,33.417236,97.114296,0.9926393
424,-1,519.76996,110.77817,53.641113,88.05139,0.98423773
424,-1,564.2475,102.095245,34.66736,98.64679,0.99548715
425,-1,519.88226,110.84436,48.40808,88.37598,0.97505194
425,-1,563.38184,105.15136,33.11267,96.20472,0.9915822
426,-1,539.91003,104.06258,45.605713,100.06241,0.70848507
426,-1,522.65106,105.30007,45.56189,93.53007,0.9896986
426,-1,557.1885,107.76019,37.73462,94.390045,0.9808255
427,-1,541.99164,101.83801,50.04187,101.360535,0.98999864
427,-1,524.2266,103.449554,47.448975,94.68698,0.8531949
428,-1,536.83746,101.43753,51.720215,101.31998,0.99528235
429,-1,536.4797,102.75566,51.516846,100.10608,0.9967705
430,-1,537.7112,103.232025,50.385376,99.723206,0.9962239
431,-1,534.5847,104.471115,45.245728,97.5672,0.992789
432,-1,533.87964,103.26022,45.48694,100.92609,0.9957521
433,-1,533.22205,106.30971,40.318726,97.62741,0.9766177
433,-1,563.52704,100.217316,23.6969,68.86224,0.7216694
434,-1,529.86224,105.17494,38.624268,97.674805,0.99039066
434,-1,561.934,101.1857,28.27417,90.03943,0.93584746
435,-1,525.78455,103.40911,35.41443,99.070625,0.99036574
435,-1,561.4808,98.01197,34.0614,101.764366,0.9725133
436,-1,559.46814,97.82901,37.052734,100.46765,0.988908
436,-1,525.0361,103.88838,35.064575,98.18045,0.988571
437,-1,561.3895,103.22908,39.063477,95.77112,0.99329424
437,-1,521.9408,103.00536,35.435547,99.59806,0.99616444
438,-1,559.57874,103.357285,47.816406,94.957306,0.9906816
438,-1,517.2183,101.771774,37.89978,101.62903,0.9957783
439,-1,562.60077,104.153984,51.069702,94.488655,0.9928277
439,-1,517.3056,101.16055,36.784912,102.83716,0.98552924
440,-1,564.8771,100.638626,50.812866,99.00568,0.99536383
440,-1,512.39984,101.1333,39.35486,101.90396,0.99337703
441,-1,567.3033,102.09415,50.62732,96.737885,0.9966264
441,-1,504.2243,101.89804,46.526855,100.21222,0.9952722
442,-1,504.0213,102.38972,45.518066,97.88503,0.9960245
442,-1,571.733,104.00957,46.486206,95.07382,0.9882217
443,-1,569.83936,109.80441,51.00659,87.74115,0.9982786
443,-1,498.8797,101.83392,43.2771,98.48834,0.9928433
444,-1,495.78842,100.25147,47.172577,104.39623,0.9986815
444,-1,574.27924,111.5791,46.396362,86.65271,0.99600875
445,-1,496.4038,102.18654,45.2677,98.07767,0.9954822
445,-1,578.58887,105.642,38.569214,90.74896,0.93447703
445,-1,593.4415,110.88464,19.253052,52.904846,0.6921424
446,-1,493.87662,101.2186,45.572968,103.88959,0.99759334
446,-1,492.0015,120.11743,21.478119,84.04385,0.69172555
446,-1,595.898,112.203804,17.47644,51.846672,0.95542645
447,-1,492.32706,101.65754,44.38504,105.613976,0.9902316
447,-1,596.69214,108.47683,19.390015,51.82685,0.94199437
448,-1,489.4695,101.885506,43.705902,103.37148,0.9906673
448,-1,600.28345,112.01658,18.542603,47.775063,0.8034427
449,-1,489.95926,101.54493,42.693573,101.88784,0.9971125
449,-1,599.54816,105.093216,23.794922,86.15588,0.8679983
